[gd_scene load_steps=11 format=3 uid="uid://b4xdoa2wlmohh"]

[ext_resource type="Script" path="res://Item/item_assets/weapon_assets/shield.gd" id="1_g05cu"]
[ext_resource type="Resource" uid="uid://c8y4bwkco4228" path="res://Item/items/shield.tres" id="2_6evkt"]
[ext_resource type="Script" path="res://Inventory/slot_data.gd" id="3_60gvr"]

[sub_resource type="Resource" id="Resource_ajul5"]
script = ExtResource("3_60gvr")
item_data = ExtResource("2_6evkt")
quantity = 1

[sub_resource type="StandardMaterial3D" id="StandardMaterial3D_xkmuk"]
albedo_color = Color(0.388235, 0.52549, 0.627451, 1)

[sub_resource type="StandardMaterial3D" id="StandardMaterial3D_s6on8"]
albedo_color = Color(0.431373, 0.219608, 0.0392157, 1)

[sub_resource type="CylinderMesh" id="CylinderMesh_ekp3p"]
top_radius = 0.15
bottom_radius = 0.15
height = 0.01

[sub_resource type="CylinderMesh" id="CylinderMesh_spmeg"]
top_radius = 0.6
bottom_radius = 0.6
height = 0.035

[sub_resource type="ConvexPolygonShape3D" id="ConvexPolygonShape3D_c4bad"]
points = PackedVector3Array(0.114196, 0.030119, 0.609524, -0.114196, -0.0270238, -0.609524, -0.190446, -0.0270238, -0.590431, -0.190446, 0.030119, -0.590431, 0.590431, 0.030119, -0.190446, 0.495208, -0.0270238, 0.380893, -0.571339, -0.0270238, 0.247604, -0.609524, 0.030119, -0.114196, 0.495208, -0.0270238, -0.380893, -0.114196, -0.0270238, 0.609524, -0.380893, 0.030119, 0.495208, 0.247604, 0.030119, -0.571339, -0.533274, -0.0270238, -0.323735, 0.533274, 0.030119, 0.323735, 0.609524, -0.0270238, 0.114196, -0.380893, 0.030119, -0.495208, 0.28567, -0.0270238, 0.552366, 0.247604, -0.0270238, -0.571339, -0.571339, 0.030119, 0.247604, -0.380893, -0.0270238, 0.495208, 0.380893, 0.030119, 0.495208, -0.609524, -0.0270238, 0.114196, 0.380893, 0.030119, -0.495208, -0.190446, 0.030119, 0.590431, 0.609524, 0.030119, 0.114196, 0.609524, -0.0270238, -0.114196, 0.114196, 0.030119, -0.609524, -0.533274, 0.030119, -0.323735, -0.380893, -0.0270238, -0.495208, -0.609524, -0.0270238, -0.114196, -0.495208, -0.0270238, 0.380893, 0.114196, -0.0270238, 0.609524)

[sub_resource type="BoxMesh" id="BoxMesh_gsbg0"]
size = Vector3(0.5, 0.1, 0.05)

[node name="Shield" type="RigidBody3D"]
transform = Transform3D(0.999237, 8.93224e-10, -0.039068, 0.00531158, 0.990715, 0.135854, 0.0387052, -0.135958, 0.989958, 0, -0.0703184, 0)
mass = 2.89
script = ExtResource("1_g05cu")
slot_data = SubResource("Resource_ajul5")

[node name="CSGCombiner3D" type="CSGCombiner3D" parent="."]

[node name="CSGCylinder3D" type="CSGCylinder3D" parent="CSGCombiner3D"]
transform = Transform3D(0.875146, 0.483569, -0.0167512, 0.0831278, -0.116156, 0.989746, 0.476665, -0.867565, -0.141852, 0.0413805, 0.0246083, -0.0203456)
radius = 0.6
height = 0.015
sides = 30
material = SubResource("StandardMaterial3D_xkmuk")

[node name="CSGCylinder3D2" type="CSGCylinder3D" parent="CSGCombiner3D"]
transform = Transform3D(0.875146, 0.483569, -0.0167512, 0.0831278, -0.116156, 0.989746, 0.476665, -0.867565, -0.141852, 0.0413805, 0.0246083, -0.0203456)
radius = 0.55
height = 0.015
sides = 30
material = SubResource("StandardMaterial3D_s6on8")

[node name="MeshInstance3D" type="MeshInstance3D" parent="."]
transform = Transform3D(0.866216, 0.485128, 0.119668, -0.0726665, -0.114642, 0.990745, 0.494356, -0.866895, -0.0640522, 0.0535113, 0.0231732, -0.0183581)
mesh = SubResource("CylinderMesh_ekp3p")

[node name="MeshInstance3D2" type="MeshInstance3D" parent="."]
transform = Transform3D(0.866216, 0.485128, 0.119668, -0.0726666, -0.114642, 0.990745, 0.494356, -0.866895, -0.064052, 0.0415983, 0.023809, -0.0225288)
visible = false
mesh = SubResource("CylinderMesh_spmeg")

[node name="CollisionShape3D" type="CollisionShape3D" parent="."]
transform = Transform3D(0.866216, 0.485128, 0.119668, -0.0726666, -0.114642, 0.990745, 0.494356, -0.866895, -0.064052, 0.0415983, 0.023809, -0.0225288)
shape = SubResource("ConvexPolygonShape3D_c4bad")

[node name="MeshInstance3D3" type="MeshInstance3D" parent="."]
transform = Transform3D(0.865006, 0.0655897, -0.497456, -0.000647619, 0.991564, 0.129611, 0.501761, -0.111793, 0.857752, 0.0582681, 0.00244559, -0.0201127)
mesh = SubResource("BoxMesh_gsbg0")
